
----GRAD_BOOSTING TRAINING PERFORMANCES----
Accuracy: 1.0000
Precision: 1.0000
Recall: 0.9990
F1 micro Score: 1.0000
F1 macro Score: 0.9995
Hamming Loss: 0.0000

Classification Report:

                 precision    recall  f1-score   support

    remoteshell       1.00      1.00      1.00      1363
passwordstealer       1.00      1.00      1.00      8978
        stealer       1.00      1.00      1.00      2442
       backdoor       1.00      1.00      1.00      2224
      coinminer       1.00      1.00      1.00     43081
          virus       1.00      1.00      1.00     63449
       injector       1.00      1.00      1.00      1380
        selfdel       1.00      1.00      1.00      3356
     downloader       1.00      1.00      1.00      4740
       gamehack       1.00      1.00      1.00      2296
        spyware       1.00      1.00      1.00      4129
         ransom       1.00      1.00      1.00      1311
         adware       1.00      1.00      1.00       957
        dropper       1.00      1.00      1.00       631
          wiper       1.00      1.00      1.00       107
       riskware       1.00      1.00      1.00       638
        rootkit       1.00      1.00      1.00       374
       hacktool       1.00      1.00      1.00      1692
         packed       1.00      1.00      1.00      1249
            pua       1.00      1.00      1.00       147
      keylogger       1.00      1.00      1.00        68
      bypassuac       1.00      1.00      1.00       118
        autorun       1.00      1.00      1.00      1001
           worm       1.00      1.00      1.00       258
         banker       1.00      1.00      1.00       154
        encoder       1.00      1.00      1.00      4429
        exploit       1.00      1.00      1.00       323
         loader       1.00      1.00      1.00       199
      cracktool       1.00      0.97      0.99        70

       accuracy                           1.00    151164
      macro avg       1.00      1.00      1.00    151164
   weighted avg       1.00      1.00      1.00    151164


Confusion Matrix:

[[ 1363     0     0     0     0     0     0     0     0     0     0     0
      0     0     0     0     0     0     0     0     0     0     0     0
      0     0     0     0     0]
 [    0  8978     0     0     0     0     0     0     0     0     0     0
      0     0     0     0     0     0     0     0     0     0     0     0
      0     0     0     0     0]
 [    0     0  2442     0     0     0     0     0     0     0     0     0
      0     0     0     0     0     0     0     0     0     0     0     0
      0     0     0     0     0]
 [    0     0     0  2224     0     0     0     0     0     0     0     0
      0     0     0     0     0     0     0     0     0     0     0     0
      0     0     0     0     0]
 [    0     0     0     0 43081     0     0     0     0     0     0     0
      0     0     0     0     0     0     0     0     0     0     0     0
      0     0     0     0     0]
 [    0     0     0     0     0 63449     0     0     0     0     0     0
      0     0     0     0     0     0     0     0     0     0     0     0
      0     0     0     0     0]
 [    0     0     0     0     0     0  1380     0     0     0     0     0
      0     0     0     0     0     0     0     0     0     0     0     0
      0     0     0     0     0]
 [    0     0     0     0     0     0     0  3356     0     0     0     0
      0     0     0     0     0     0     0     0     0     0     0     0
      0     0     0     0     0]
 [    0     0     0     0     0     0     0     0  4740     0     0     0
      0     0     0     0     0     0     0     0     0     0     0     0
      0     0     0     0     0]
 [    0     0     0     0     0     0     0     0     0  2296     0     0
      0     0     0     0     0     0     0     0     0     0     0     0
      0     0     0     0     0]
 [    0     0     0     0     0     0     0     0     0     0  4129     0
      0     0     0     0     0     0     0     0     0     0     0     0
      0     0     0     0     0]
 [    0     0     0     0     0     0     0     0     0     0     0  1311
      0     0     0     0     0     0     0     0     0     0     0     0
      0     0     0     0     0]
 [    0     0     0     0     1     0     0     0     0     0     0     0
    956     0     0     0     0     0     0     0     0     0     0     0
      0     0     0     0     0]
 [    0     0     0     0     0     0     0     0     0     0     0     0
      0   631     0     0     0     0     0     0     0     0     0     0
      0     0     0     0     0]
 [    0     0     0     0     0     0     0     0     0     0     0     0
      0     0   107     0     0     0     0     0     0     0     0     0
      0     0     0     0     0]
 [    0     0     0     0     0     0     0     0     0     0     0     0
      0     0     0   638     0     0     0     0     0     0     0     0
      0     0     0     0     0]
 [    0     0     0     0     0     0     0     0     0     0     0     0
      0     0     0     0   374     0     0     0     0     0     0     0
      0     0     0     0     0]
 [    0     0     0     0     0     0     0     0     0     0     0     0
      0     0     0     0     0  1692     0     0     0     0     0     0
      0     0     0     0     0]
 [    0     0     0     0     0     0     0     0     0     0     0     0
      0     0     0     0     0     0  1249     0     0     0     0     0
      0     0     0     0     0]
 [    0     0     0     0     0     0     0     0     0     0     0     0
      0     0     0     0     0     0     0   147     0     0     0     0
      0     0     0     0     0]
 [    0     0     0     0     0     0     0     0     0     0     0     0
      0     0     0     0     0     0     0     0    68     0     0     0
      0     0     0     0     0]
 [    0     0     0     0     0     0     0     0     0     0     0     0
      0     0     0     0     0     0     0     0     0   118     0     0
      0     0     0     0     0]
 [    0     0     0     0     0     0     0     0     0     0     0     0
      0     0     0     0     0     0     0     0     0     0  1001     0
      0     0     0     0     0]
 [    0     0     0     0     0     0     0     0     0     0     0     0
      0     0     0     0     0     0     0     0     0     0     0   258
      0     0     0     0     0]
 [    0     0     0     0     0     0     0     0     0     0     0     0
      0     0     0     0     0     0     0     0     0     0     0     0
    154     0     0     0     0]
 [    0     0     0     0     0     0     0     0     0     0     0     0
      0     0     0     0     0     0     0     0     0     0     0     0
      0  4429     0     0     0]
 [    0     0     0     0     0     0     0     0     0     0     0     0
      0     0     0     0     0     0     0     0     0     0     0     0
      0     0   323     0     0]
 [    0     0     0     0     0     0     0     0     0     0     0     0
      0     0     0     0     0     0     0     0     0     0     0     0
      0     0     0   199     0]
 [    0     0     0     0     0     0     0     0     0     0     0     0
      0     0     0     0     0     2     0     0     0     0     0     0
      0     0     0     0    68]]